1199.169832	2.302690854	0.00078908
1175.656698	2.295915834	0.000727309
1153.047915	2.289580505	0.000671832
1131.292294	2.283643793	0.000622603
1110.342437	2.278073994	0.000576564
1090.154393	2.272842652	0.000539719
1070.68735	2.267918506	0.000502991
1051.903361	2.263282521	0.000472388
1033.767097	2.258906775	0.000444878
1016.24562	2.254772509	0.000417442
999.3081933	2.250864066	0.000396076
982.9260918	2.247165877	0.000374764
967.0724452	2.243659459	0.000353501
951.7220889	2.240332395	0.000335277
936.8514313	2.237175316	0.000320084
922.4383323	2.234172921	0.000304922
908.4619939	2.23131595	0
894.9028597	2.228598137	0
881.7425235	2.226007304	0
868.9636464	2.223534287	0
856.54988	2.22117591	0
844.4857972	2.218923056	0
832.7568278	2.21676961	0
821.3492	2.2147065	0
810.2498865	2.212736576	0
799.4465547	2.210844846	0
788.9275211	2.209034184	0
778.6817091	2.207298547	0
768.6986103	2.205631909	0
758.9682481	2.204031222	0
749.481145	2.202493446	0
740.2282914	2.201015551	0
731.2011171	2.199591542	0
722.3914651	2.198224335	0
713.7915667	2.196907947	0
705.3940188	2.195636406	0
697.1917628	2.194415599	0
689.1780644	2.193236598	0
681.3464955	2.192096408	0
673.6909169	2.191000921	0
666.2054622	2.189938264	0
658.8845231	2.188914332	0
651.7227348	2.187926139	0
644.7149634	2.186970703	0
637.8562936	2.186045047	0
631.1420168	2.185149151	0
624.5676208	2.184282997	0
618.1287794	2.183446567	0
611.8213429	2.182633936	0
605.6413293	2.181845089	0
599.584916	2.181082969	0
593.6484317	2.180344607	0
587.828349	2.179627039	0
582.1212777	2.178933207	0
576.5239577	2.178257196	0
571.0332533	2.177601949	0
565.6461472	2.176967457	0
560.3597346	2.17634781	0
555.1712185	2.175748902	0
550.0779046	2.175164824	0
545.0771964	2.174598521	0
540.166591	2.174044087	0
535.343675	2.173510364	0
530.6061204	2.172988499	0
525.9516807	2.172478488	0
521.3781878	2.171986223	0
516.8835483	2.171502854	0
512.4657402	2.171034274	0
508.1228102	2.170577531	0
503.8528706	2.170132621	0
499.6540967	2.16969954	0
495.524724	2.169278285	0
491.4630459	2.168865908	0
487.4674114	2.168462405	0
483.5362226	2.168070719	0
479.6679328	2.167687902	0
475.8610444	2.167316897	0
472.1141071	2.166951811	0
468.4257156	2.166595588	0
464.7945085	2.166248225	0
461.2191662	2.16590972	0
457.6984092	2.165580071	0
454.230997	2.165256333	0
450.8157263	2.164938505	0
447.4514299	2.164629528	0
444.1369748	2.1643294	0
440.8712618	2.164032234	0
437.6532234	2.163743915	0
434.4818232	2.163461499	0
431.3560547	2.163187925	0
428.27494	2.162917311	0
425.2375291	2.162652595	0
422.2428986	2.162393778	0
419.290151	2.162140858	0
416.3784139	2.161893834	0
413.5068386	2.161649765	0
410.6746	2.16141159	0
407.8808952	2.161179309	0
405.1249432	2.16095292	0
402.4059839	2.160729483	0
399.7232773	2.160508998	0
397.0761033	2.160294402	0
394.4637605	2.160085697	0
391.885566	2.15987994	0
389.3408545	2.159677133	0
386.8289781	2.159480213	0
384.3493051	2.159286241	0
381.9012204	2.159095217	0
379.4841241	2.158910078	0
377.0974314	2.158724948	0
374.7405725	2.158545702	0
372.4129913	2.158369401	0
370.1141457	2.158196046	0
367.8435067	2.158028575	0
365.6005585	2.157861109	0
363.3847976	2.157696588	0
361.1957325	2.157535011	0
359.0328838	2.157379315	0
356.8957833	2.157223625	0
354.783974	2.157070878	0
352.6970094	2.156921073	0
350.6344538	2.156777148	0
348.5958814	2.156630291	0
346.5808763	2.156489313	0
344.5890322	2.156351276	0
342.619952	2.156213244	0
340.6732477	2.15608109	0
338.7485401	2.155948939	0
336.8454584	2.155816793	0
334.9636402	2.155690524	0
333.1027311	2.155564258	0
331.2623845	2.155440932	0
329.4422615	2.155320546	0
327.6420306	2.155200164	0
325.8613674	2.15508272	0
324.0999546	2.154968216	0
322.3574817	2.154853715	0
320.6336449	2.154742153	0
318.9281468	2.154630594	0
317.2406963	2.154524909	0
315.5710084	2.154416291	0
313.9188042	2.154313547	0
312.2838104	2.154207869	0
310.6657596	2.154108065	0
309.0643897	2.154008264	0
307.4794441	2.153908464	0
305.9106714	2.153811603	0
304.3578254	2.153717678	0
302.8206646	2.153623756	0
301.2989528	2.153529835	0
299.792458	2.153438852	0
298.3009532	2.15334787	0
296.8242158	2.153259825	0
295.3620276	2.153171782	0
293.9141745	2.153086676	0
292.4804468	2.153001571	0
291.0606388	2.152919402	0
289.6545488	2.152837235	0
288.2619788	2.15275507	0
286.8827349	2.15267584	0
285.5166267	2.152596612	0
284.1634673	2.15252032	0
282.8230736	2.152444029	0
281.4952657	2.152367739	0
280.1798673	2.152294385	0
278.8767051	2.152221032	0
277.5856093	2.15214768	0
276.3064129	2.152077264	0
275.0389523	2.152006849	0
273.7830667	2.151939369	0
272.5385982	2.151868956	0
271.3053919	2.151801478	0
270.0832955	2.151736934	0
268.8721596	2.151669458	0
267.6718375	2.151604917	0
266.4821849	2.151540377	0
265.3030602	2.151478771	0
264.1343242	2.151417166	0
262.9758404	2.151355563	0
261.8274742	2.151293959	0
260.6890939	2.151235291	0
259.5605697	2.151176623	0
258.4417741	2.151117956	0
257.332582	2.151059289	0
256.2328701	2.151003557	0
255.1425174	2.150947825	0
254.0614051	2.150892094	0
252.989416	2.150839297	0
251.9264353	2.150783568	0
250.8723498	2.150730772	0
249.8270483	2.150677977	0
248.7904216	2.150628116	0
247.762362	2.150575322	0
246.7427638	2.150525462	0
245.731523	2.150475603	0
244.7285371	2.150425743	0
243.7337057	2.150375885	0
242.7469296	2.15032896	0
241.7681113	2.150282035	0
240.797155	2.150235111	0
239.8339664	2.150188188	0
238.8784526	2.150141265	0
237.9305222	2.150097275	0
236.9900854	2.150053286	0
236.0570535	2.150006364	0
235.1313396	2.149965308	0
234.2128578	2.14992132	0
233.3015237	2.149877333	0
232.3972543	2.149836278	0
231.4999676	2.149795224	0
230.6095831	2.14975417	0
229.7260215	2.149713116	0
228.8492046	2.149672063	0
227.9790555	2.14963101	0
227.1154985	2.14959289	0
226.2584589	2.14955477	0
225.4078632	2.149516651	0
224.563639	2.149478532	0
223.7257149	2.149440413	0
222.8940208	2.149402295	0
222.0684874	2.149364177	0
221.2490465	2.149328991	0
220.4356309	2.149293806	0
219.6281744	2.149258621	0
218.8266117	2.149223437	0
218.0308785	2.149188252	0
217.2409116	2.149153068	0
216.4566484	2.149117884	0
215.6780273	2.149085633	0
214.9049878	2.149053381	0
214.13747	2.149018198	0
213.3754149	2.148985947	0
212.6187645	2.148953697	0
211.8674615	2.148921446	0
211.1214493	2.148892128	0
210.3806723	2.148859878	0
209.6450755	2.148827629	0
208.9146049	2.148798311	0
208.1892069	2.148768993	0
207.4688291	2.148736744	0
206.7534193	2.148707427	0
206.0429265	2.148678111	0
205.3373	2.148648794	0
204.6364901	2.148622409	0
203.9404476	2.148593093	0
203.2491241	2.148563777	0
202.5624716	2.148537393	0
201.8804431	2.148508077	0
201.2029919	2.148481693	0
200.5300722	2.148455309	0
199.8616387	2.148428926	0
199.1976465	2.148402542	0
198.5380517	2.148376159	0
197.8828106	2.148349776	0
197.2318803	2.148323393	0
196.5852184	2.14829701	0
195.942783	2.148273559	0
195.3045329	2.148247176	0
194.6704273	2.148223725	0
194.0404259	2.148197343	0
193.414489	2.148173892	0
192.7925775	2.148150442	0
192.1746526	2.148126991	0
191.560676	2.148103541	0
190.9506102	2.148080091	0
190.3444178	2.148056641	0
189.742062	2.148033191	0
189.1435066	2.148009741	0
188.5487157	2.147989222	0
187.9576539	2.147965773	0
187.3702863	2.147945255	0
186.7865782	2.147921805	0
186.2064957	2.147901287	0
185.630005	2.147877838	0
185.0570728	2.14785732	0
184.4876665	2.147836803	0
183.9217534	2.147816285	0
183.3593015	2.147795767	0
182.8002793	2.14777525	0
182.2446553	2.147754732	0
181.6923988	2.147734215	0
181.1434792	2.147713698	0
180.5978663	2.147696112	0
180.0555303	2.147675595	0
179.5164419	2.147655078	0
178.9805719	2.147637492	0
178.4478917	2.147616976	0
177.9183727	2.14759939	0
177.391987	2.147578873	0
176.8687068	2.147561288	0
176.3485047	2.147543703	0
175.8313537	2.147526117	0
175.3172269	2.147508532	0
174.806098	2.147488016	0
174.2979407	2.147470431	0
173.7927293	2.147452846	0
173.2904382	2.147435261	0
172.7910421	2.147420606	0
172.2945161	2.147403022	0
171.8008355	2.147385437	0
171.309976	2.147367852	0
170.8219134	2.147353198	0
170.3366239	2.147335614	0
169.8540839	2.147318029	0
169.3742701	2.147303375	0
168.8971594	2.147285791	0
168.4227292	2.147271137	0
167.9509569	2.147253553	0
167.4818201	2.1472389	0
167.0152969	2.147224246	0
166.5513656	2.147206662	0
166.0900044	2.147192009	0
165.6311923	2.147177356	0
165.174908	2.147162702	0
164.7211308	2.147148049	0
164.26984	2.147133396	0
163.8210153	2.147118743	0
163.3746365	2.14710409	0
162.9306837	2.147089437	0
162.4891371	2.147074784	0
162.0499773	2.147060131	0
161.6131849	2.147045478	0
161.1787409	2.147030826	0
160.7466263	2.147019103	0
160.3168225	2.147004451	0
159.8893109	2.146989798	0
159.4640734	2.146978076	0
159.0410918	2.146963424	0
158.6203481	2.146951702	0
158.2018248	2.146937049	0
157.7855042	2.146925327	0
157.371369	2.146910675	0
156.9594021	2.146898953	0
156.5495864	2.146884301	0
156.1419052	2.146872579	0
155.7363418	2.146860857	0
155.3328798	2.146846205	0
154.9315028	2.146834483	0
154.5321948	2.146822762	0
154.1349398	2.14681104	0
153.7397221	2.146799318	0
153.3465258	2.146787597	0
152.9553357	2.146772945	0
152.5661364	2.146761223	0
152.1789127	2.146749502	0
151.7936496	2.146737781	0
151.4103323	2.146726059	0
151.0289461	2.146714338	0
150.6494764	2.146705547	0
150.2719088	2.146693826	0
149.896229	2.146682104	0
149.5224229	2.146670383	0
149.1504766	2.146658662	0
148.7803762	2.146649871	0
148.4121079	2.14663815	0
148.0456583	2.146626429	0
147.6810138	2.146614708	0
147.3181612	2.146605917	0
146.9570873	2.146594196	0
146.597779	2.146585405	0
146.2402234	2.146573684	0
145.8844078	2.146561963	0
145.5303194	2.146553173	0
145.1779458	2.146541452	0
144.8272744	2.146532661	0
144.478293	2.14652387	0
144.1309894	2.14651215	0
143.7853516	2.146503359	0
143.4413675	2.146491638	0
143.0990253	2.146482848	0
142.7583133	2.146474057	0
142.41922	2.146462337	0
142.0817336	2.146453546	0
141.745843	2.146444756	0
141.4115368	2.146435965	0
141.0788038	2.146427175	0
140.7476329	2.146415454	0
140.4180131	2.146406664	0
140.0899336	2.146397873	0
139.7633837	2.146389083	0
139.4383526	2.146380293	0
139.1148297	2.146371503	0
138.7928046	2.146362712	0
138.472267	2.146353922	0
138.1532065	2.146345132	0
137.8356129	2.146336341	0
137.5194761	2.146327551	0
137.2047863	2.146318761	0
136.8915333	2.146309971	0
136.5797075	2.146301181	0
136.2692991	2.146292391	0
135.9602984	2.1462836	0
135.6526959	2.14627481	0
135.3464822	2.14626895	0
135.0416477	2.14626016	0
134.7381834	2.14625137	0
134.4360798	2.14624258	0
134.135328	2.14623379	0
133.8359188	2.14622793	0
133.5378432	2.14621914	0
133.2410924	2.14621035	0
132.9456576	2.14620449	0
132.6515301	2.1461957	0
132.3587011	2.14618691	0
132.0671621	2.14618105	0
131.7769046	2.14617226	0
131.4879202	2.1461664	0
131.2002004	2.146157611	0
130.9137371	2.146148821	0
130.628522	2.146142961	0
130.344547	2.146134171	0
130.0618039	2.146128311	0
129.7802848	2.146119521	0
129.4999819	2.146113661	0
129.2208871	2.146104872	0
128.9429927	2.146099012	0
128.666291	2.146093152	0
128.3907743	2.146084362	0
128.116435	2.146078503	0
127.8432657	2.146069713	0
127.5712587	2.146063853	0
127.3004068	2.146057993	0
127.0307025	2.146049204	0
126.7621387	2.146043344	0
126.494708	2.146037484	0
126.2284034	2.146028694	0
125.9632176	2.146022835	0
125.6991438	2.146016975	0
125.4361749	2.146011115	0
125.174304	2.146002326	0
124.9135242	2.145996466	0
124.6538287	2.145990606	0
124.3952108	2.145984747	0
124.1376638	2.145978887	0
123.881181	2.145970098	0
123.6257559	2.145964238	0
123.3713819	2.145958378	0
123.1180526	2.145952519	0
122.8657615	2.145946659	0
122.6145022	2.145940799	0
122.3642686	2.14593494	0
122.1150542	2.14592908	0
121.8668528	2.145923221	0
121.6196584	2.145917361	0
121.3734648	2.145908572	0
121.1282659	2.145902712	0
120.8840556	2.145896853	0
120.6408282	2.145890993	0
120.3985775	2.145885133	0
120.1572978	2.145879274	0
119.9169832	2.145876344	0
